1073741824S
197594313 13641
58964 1
58901 1
58909 1
58986 1
58902 1
58965 1
58902 1
58949 1
58896 1
58912 1
58988 1
58941 1
58919 1
58903 1
58966 1
58983 1
59000 1
58988 1
58954 1
58913 1
58983 1
58935 1
58904 1
58912 1
58965 1
58975 1
58990 1
58957 1
58924 1
58964 1
58914 1
58933 1
58950 1
58944 1
58986 1
58935 1
58893 1
58967 1
58932 1
58946 1
58934 1
58968 1
58906 1
58917 1
58862 1
7027 1
59027 1
58914 1
58937 1
58940 1
58913 1
7018 1
7012 1
6976 1
6977 1
7030 1
7003 1
7022 1
7047 1
7004 1
7024 1
7045 1
59005 1
58889 1
58968 1
58899 1
58960 1
59006 1
58912 1
59029 1
58936 1
58926 1
58954 1
58964 1
58944 1
58949 1
58925 1
58935 1
58880 1
58929 1
58975 1
58963 1
58937 1
58953 1
58911 1
58979 1
58897 1
58943 1
58986 1
58961 1
58930 1
58956 1
58889 1
58980 1
59034 1
58969 1
58948 1
58937 1
58916 1
58931 1
58920 1
58952 1
58979 1
58916 1
58917 1
58938 1
58960 1
58908 1
58970 1
58957 1
58966 1
58986 1
58970 1
6992 1
6971 1
7011 1
6998 1
7028 1
7014 1
6973 1
59002 1
58990 1
6999 1
6996 1
7021 1
7010 1
58971 1
7010 1
6997 1
7009 1
7045 1
7037 1
7016 1
6969 1
58893 1
7005 1
7021 1
7026 1
7020 1
7007 1
6991 1
6998 1
6999 1
6972 1
7011 1
58875 1
58965 1
58941 1
58945 1
58920 1
58946 1
58941 1
58940 1
58937 1
58932 1
58889 1
58941 1
58985 1
58968 1
58930 1
58980 1
58949 1
58931 1
58905 1
58864 1
58918 1
58924 1
58952 1
58936 1
58944 1
58980 1
58912 1
58916 1
58939 1
58968 1
58968 1
58909 1
58969 1
58899 1
58901 1
58909 1
58961 1
58895 1
58900 1
58995 1
58936 1
58896 1
58922 1
58954 1
58929 1
58889 1
58942 1
59001 1
58946 1
58973 1
58920 1
58918 1
58890 1
59013 1
58928 1
58906 1
58955 1
58893 1
58933 1
58927 1
58935 1
58939 1
58918 1
58922 1
58913 1
58952 1
58902 1
58951 1
58990 1
58883 1
58870 1
58964 1
59030 1
59004 1
58939 1
58925 1
59005 1
58906 1
58942 1
58943 1
58927 1
58906 1
58948 1
58959 1
58936 1
58895 1
58927 1
58966 1
58966 1
59115 1
58979 1
58929 1
58964 1
58953 1
58953 1
58981 1
58981 1
58975 1
58894 1
58912 1
58958 1
58973 1
58908 1
58961 1
58929 1
58950 1
58938 1
58935 1
58921 1
58936 1
58940 1
58929 1
58918 1
58924 1
58877 1
58905 1
58927 1
58937 1
58871 1
58918 1
58953 1
58945 1
58962 1
58955 1
58945 1
58945 1
58949 1
59005 1
58938 1
58966 1
58910 1
58947 1
58925 1
58928 1
58971 1
58941 1
58931 1
58919 1
58931 1
58987 1
58960 1
58900 1
58945 1
58920 1
58897 1
58929 1
58924 1
58903 1
58931 1
58959 1
58903 1
58942 1
58949 1
58982 1
58934 1
58917 1
58885 1
58872 1
58963 1
58917 1
58913 1
59001 1
58957 1
58948 1
58959 1
58913 1
58927 1
58937 1
58952 1
58948 1
58978 1
58933 1
58962 1
58958 1
58963 1
58874 1
58904 1
58991 1
58948 1
58927 1
58957 1
58972 1
58956 1
58963 1
58963 1
58963 1
58926 1
58943 1
58955 1
58904 1
58889 1
58896 1
58972 1
58953 1
58897 1
59008 1
58911 1
58967 1
58926 1
65424 1
58904 1
58924 1
58906 1
58945 1
58942 1
6525 1
58931 1
58924 1
58865 1
58956 1
58934 1
58952 1
58906 1
58937 1
58848 1
58908 1
58913 1
58938 1
58950 1
58918 1
58858 1
59004 1
58945 1
58954 1
58941 1
7005 1
7046 1
6984 1
6981 1
7029 1
7017 1
7015 1
6973 1
6995 1
6997 1
74058 1
6995 1
7012 1
7004 1
6996 1
7011 1
7010 1
7027 1
7058 1
7015 1
7020 1
7039 1
7002 1
6988 1
7009 1
58918 1
58971 1
58904 1
58896 1
58955 1
58969 1
58947 1
58977 1
76297 1
58920 1
58937 1
58954 1
58944 1
58956 1
58854 1
58945 1
58967 1
58922 1
58988 1
58900 1
58958 1
58976 1
58926 1
59008 1
58916 1
58921 1
58951 1
59005 1
58898 1
58905 1
58995 1
58861 1
58943 1
58910 1
6992 1
7037 1
7030 1
7035 1
58974 1
58968 1
58964 1
58904 1
58904 1
58971 1
58967 1
58940 1
59012 1
58921 1
58886 1
58975 1
58927 1
58957 1
58879 1
58956 1
58924 1
58930 1
58952 1
58915 1
58925 1
58867 1
58902 1
6530 1
58949 1
58938 1
58904 1
58909 1
58927 1
58959 1
58950 1
58940 1
58955 1
58930 1
58946 1
58951 1
58952 1
58923 1
58900 1
58875 1
58962 1
59241 1
59264 1
59300 1
59249 1
59283 1
59296 1
59336 1
59272 1
59296 1
59264 1
59297 1
59301 1
59355 1
59299 1
59266 1
59276 1
112608 1
112240 1
59277 1
59289 1
59263 1
59233 1
59211 1
59269 1
59386 1
59252 1
59250 1
59273 1
59209 1
59545 1
59317 1
59585 1
59344 1
59268 1
59101 1
59274 1
59281 1
59249 1
59225 1
59272 1
59366 1
59238 1
59308 1
59200 1
59301 1
59301 1
59243 1
59323 1
59239 1
59170 1
59187 1
59258 1
59273 1
59279 1
59312 1
59244 1
59259 1
59269 1
59287 1
59289 1
59309 1
59344 1
59266 1
1122010 1
99949 1
97803 1
6820 1
5767 1
17724 1
5472 1
